
problem name = wfg2		



dimension =10		

GDs			9.158193	4.557760	3.938336	6.200523	5.131968	8.068607	7.858614	7.893890	11.890712	3.003997	4.800357	8.441927	5.107515	7.268879	5.063650	5.110710	11.369760
IGDs			0.101035	0.268696	0.252104	0.065475	0.833626	0.511501	0.964064	0.418771	0.201684	0.461108	0.898057	0.943157	0.330445	0.584896	0.642763	0.632151	0.256544
Ss			0.289342	0.306661	0.328296	0.357273	0.447313	0.451912	0.487947	0.512655	0.564222	0.587454	0.617353	0.658341	0.696950	0.703722	0.721558	0.859181	0.870104
SUs			0.925075	1.139874	0.972723	0.968366	0.911672	0.948705	0.975316	0.967976	0.933095	1.068667	1.030803	0.993923	0.963754	0.976432	0.982397	0.919058	0.902813
 GD 	6.756788	2.533150	6.200523	11.890712	3.003997
 IGD	0.492122	0.293012	0.461108	0.964064	0.065475
 HYP 	0.556487	0.181787	0.564222	0.870104	0.289342
 SU	0.975332	0.059687	0.968366	1.139874	0.902813
