
problem name = wfg3		



dimension =10		

GDs			5.158813	5.603550	5.905240	4.718405	5.202122	5.448777	5.841392	4.597177	4.267552	5.377873	4.965920	4.792485	5.470257	5.207273	5.549693	5.062867	5.489617
IGDs			0.091071	0.084344	0.267317	0.123713	0.155004	0.102828	0.116286	0.104663	0.172071	0.093602	0.104210	0.153293	0.114415	0.120622	0.095281	0.084786	0.134906
Ss			0.176079	0.323945	0.347866	0.380893	0.389160	0.409526	0.427181	0.539564	0.556970	0.593789	0.605159	0.630198	0.636993	0.642489	0.663253	0.708889	0.748294
SUs			0.768522	0.752913	0.760331	0.756437	0.783451	0.766042	0.749816	0.763000	0.773571	0.779089	0.766247	0.757676	0.770774	0.764231	0.767678	0.794589	0.755276
 GD 	5.215236	0.443466	5.207273	5.905240	4.267552
 IGD	0.124612	0.044793	0.114415	0.267317	0.084344
 HYP 	0.516485	0.159497	0.556970	0.748294	0.176079
 SU	0.766449	0.011544	0.766042	0.794589	0.749816
