
problem name = wfg3		



dimension =19		

GDs			2827.877615	2768.854035	2866.178268	2509.958641	2617.319274	2568.589134	2879.570471	2875.173526	2898.072552	2769.101827	2775.115724	2787.910268	2608.823513	2586.563508	2778.738552	2895.323538	2717.310884
IGDs			59.535798	8.019395	33.589602	21.865458	37.919526	87.224693	38.119831	16.080714	18.697663	19.396720	38.891005	25.627498	32.172112	13.888084	26.300520	35.772925	76.224581
Ss			0.025159	0.041035	0.062946	0.137552	0.161970	0.162379	0.183871	0.188422	0.205414	0.222253	0.232876	0.255680	0.269960	0.276942	0.313613	0.316770	0.455804
SUs			1.169906	1.152377	1.154571	1.172277	1.172352	1.154025	1.176205	1.153551	1.172661	1.140313	1.188334	1.172327	1.168773	1.169631	1.167637	1.159727	1.156654
 GD 	2748.851843	126.120051	2775.115724	2898.072552	2509.958641
 IGD	34.666243	21.575234	32.172112	87.224693	8.019395
 HYP 	0.206626	0.108550	0.205414	0.455804	0.025159
 SU	1.164784	0.011678	1.168773	1.188334	1.140313
