
problem name = wfg4		



dimension =19		

GDs			33.190630	29.991319	31.623414	22.349272	36.594492	27.948753	36.998370	23.133879	27.399417	25.442799	25.810581	37.897756	37.047686	25.201235	23.906941	27.910708	24.510615
IGDs			0.054053	0.061201	0.056509	0.050653	0.043163	0.057086	0.037536	0.059691	0.063298	0.054774	0.058392	0.044903	0.049531	0.046507	0.065831	0.096005	0.061008
Ss			0.833729	0.836137	0.840201	0.844863	0.849257	0.854109	0.858504	1.087879	1.155727	1.166526	1.168328	1.176387	1.184239	1.186855	1.192185	1.193491	1.235866
SUs			1.224742	1.236874	1.258619	1.271433	1.257646	1.288292	1.208171	1.298122	1.294340	1.261608	1.205874	1.273919	1.216122	1.273245	1.274653	1.314293	1.238094
 GD 	29.232816	5.344028	27.910708	37.897756	22.349272
 IGD	0.056479	0.012782	0.056509	0.096005	0.037536
 HYP 	1.039075	0.169593	1.155727	1.235866	0.833729
 SU	1.258591	0.032472	1.261608	1.314293	1.205874
