
problem name = wfg4		



dimension =10		

GDs			0.301859	0.256644	0.282214	0.234123	0.302878	0.328242	0.257875	0.258130	0.286977	0.311899	0.183962	0.301826	0.252912	0.307612	0.326817	0.313678	0.268233
IGDs			0.029666	0.025786	0.028202	0.027249	0.027351	0.027368	0.024878	0.025506	0.028645	0.027531	0.024834	0.028619	0.024449	0.029260	0.030241	0.029438	0.026487
Ss			0.920816	0.922406	0.926114	0.946641	0.957138	0.964389	0.968021	0.987737	1.003326	1.006593	1.007763	1.008052	1.011021	1.013486	1.017117	1.027724	1.206846
SUs			0.823440	0.820111	0.806974	0.793388	0.803471	0.792713	0.796345	0.791536	0.798782	0.780361	0.809772	0.838458	0.780861	0.816742	0.780476	0.837455	0.801530
 GD 	0.280934	0.037636	0.286977	0.328242	0.183962
 IGD	0.027383	0.001824	0.027368	0.030241	0.024449
 HYP 	0.993835	0.065459	1.003326	1.206846	0.920816
 SU	0.804260	0.018170	0.801530	0.838458	0.780361
