
problem name = wfg5		



dimension =19		

GDs			0.354307	0.365584	0.353371	0.362839	0.387375	0.345599	0.350174	0.379637	0.379242	0.364755	0.377015	0.362644	0.383050	0.357279	0.374423	0.342047	0.348149
IGDs			0.042683	0.043094	0.043042	0.042955	0.043029	0.042811	0.043110	0.042878	0.043353	0.042852	0.042871	0.042957	0.043159	0.043028	0.043157	0.042880	0.042834
Ss			0.372237	0.388666	0.395803	0.400022	0.401883	0.404944	0.405632	0.407066	0.407563	0.407586	0.410728	0.411367	0.411901	0.411927	0.414855	0.416507	0.428427
SUs			1.272487	1.230304	1.278623	1.260914	1.199517	1.214734	1.225120	1.211464	1.195636	1.231105	1.244843	1.255666	1.271227	1.237117	1.227507	1.231933	1.249319
 GD 	0.363970	0.014110	0.362839	0.387375	0.342047
 IGD	0.042982	0.000164	0.042957	0.043353	0.042683
 HYP 	0.405713	0.012288	0.407563	0.428427	0.372237
 SU	1.237501	0.024866	1.231933	1.278623	1.195636
