
problem name = wfg5		



dimension =10		

GDs			0.056298	0.053758	0.053228	0.058464	0.054873	0.056800	0.050904	0.057297	0.054958	0.057586	0.058959	0.055754	0.057678	0.059859	0.052923	0.055508	0.062459
IGDs			0.028926	0.027880	0.026707	0.027019	0.025060	0.028541	0.025663	0.031306	0.024906	0.027736	0.030629	0.027356	0.026683	0.028637	0.026654	0.026203	0.028262
Ss			1.017337	1.039611	1.046720	1.046893	1.057332	1.064589	1.065389	1.082014	1.084209	1.084602	1.088688	1.090121	1.097521	1.106888	1.107095	1.113203	1.113323
SUs			0.755898	0.791214	0.751773	0.742413	0.751886	0.739172	0.760117	0.773245	0.743004	0.781238	0.754042	0.751070	0.767344	0.741037	0.762592	0.755315	0.752764
 GD 	0.056312	0.002832	0.056298	0.062459	0.050904
 IGD	0.027539	0.001758	0.027356	0.031306	0.024906
 HYP 	1.076796	0.028229	1.084209	1.113323	1.017337
 SU	0.757301	0.014294	0.754042	0.791214	0.739172
