
problem name = wfg6		



dimension =19		

GDs			0.263612	0.204172	0.277567	0.277414	0.294880	0.239011	0.298557	0.310985	0.301385	0.296381	0.260385	0.305147	0.246397	0.292314	0.266144	0.303128	0.216030
IGDs			0.037070	0.035629	0.037161	0.036521	0.039563	0.036473	0.040388	0.040041	0.039438	0.038907	0.039222	0.039698	0.037342	0.039387	0.037824	0.040592	0.034864
Ss			0.408186	0.430944	0.431788	0.442782	0.448303	0.451235	0.451875	0.472528	0.488326	0.514534	0.519681	0.527582	0.536964	0.610281	0.617482	0.692079	0.721005
SUs			1.252623	1.294667	1.287497	1.256002	1.265858	1.302918	1.260815	1.282576	1.256066	1.294490	1.267704	1.361362	1.371143	1.262002	1.275055	1.230896	1.322511
 GD 	0.273736	0.032028	0.277567	0.310985	0.204172
 IGD	0.038242	0.001754	0.038907	0.040592	0.034864
 HYP 	0.515622	0.093428	0.488326	0.721005	0.408186
 SU	1.284952	0.037672	1.275055	1.371143	1.230896
