
problem name = wfg6		



dimension =10		

GDs			0.055228	0.049625	0.051468	0.053003	0.055370	0.055887	0.047825	0.049974	0.051780	0.049513	0.048705	0.055023	0.050901	0.051111	0.051963	0.050655	0.050480
IGDs			0.023844	0.024180	0.025671	0.025159	0.025181	0.024877	0.023784	0.024376	0.024348	0.026178	0.023014	0.025365	0.025346	0.024432	0.025962	0.023962	0.025469
Ss			0.964889	0.972722	1.017802	1.033739	1.064643	1.069946	1.087596	1.099095	1.101108	1.108301	1.117929	1.125188	1.126469	1.156257	1.168618	1.221414	1.301824
SUs			0.734268	0.743706	0.718202	0.721102	0.716067	0.714956	0.724438	0.717736	0.728040	0.730853	0.720343	0.734272	0.745091	0.722443	0.763524	0.718233	0.720308
 GD 	0.051677	0.002448	0.051111	0.055887	0.047825
 IGD	0.024773	0.000869	0.024877	0.026178	0.023014
 HYP 	1.102208	0.084002	1.101108	1.301824	0.964889
 SU	0.727858	0.013003	0.722443	0.763524	0.714956
