
problem name = wfg7		



dimension =10		

GDs			0.054191	0.052042	0.054088	0.050499	0.045712	0.044164	0.051081	0.056240	0.051993	0.051689	0.055298	0.051027	0.053232	0.052065	0.059327	0.052574	0.058954
IGDs			0.025796	0.026385	0.028579	0.026262	0.028179	0.025723	0.024823	0.025206	0.027238	0.024935	0.025515	0.028514	0.025433	0.026047	0.025833	0.026464	0.025688
Ss			1.284250	1.352560	1.383159	1.385411	1.421474	1.431953	1.432629	1.446800	1.447978	1.452506	1.462052	1.474162	1.478756	1.482362	1.490029	1.496638	1.502880
SUs			0.807593	0.803024	0.814620	0.870234	0.832933	0.843735	0.777697	0.802268	0.797029	0.776003	0.773406	0.812629	0.815857	0.799842	0.799242	0.829908	0.792366
 GD 	0.052599	0.003880	0.052065	0.059327	0.044164
 IGD	0.026272	0.001183	0.025833	0.028579	0.024823
 HYP 	1.436800	0.057708	1.447978	1.502880	1.284250
 SU	0.808729	0.025093	0.803024	0.870234	0.773406
