
problem name = wfg7		



dimension =19		

GDs			0.884774	0.908741	0.812441	0.837124	0.937617	0.742103	0.897612	0.919091	0.675797	0.851090	0.971038	0.757252	0.695431	0.815887	0.827745	0.808624	0.938361
IGDs			0.035538	0.035954	0.036090	0.036094	0.035834	0.035460	0.036080	0.036026	0.033474	0.035781	0.035674	0.034191	0.034398	0.035533	0.035690	0.036067	0.036102
Ss			0.944293	0.981068	0.982386	0.993022	0.997796	0.999195	1.001873	1.003478	1.004975	1.005390	1.009233	1.012064	1.013079	1.018266	1.021053	1.023803	1.333607
SUs			1.272055	1.243196	1.249720	1.274186	1.260089	1.252348	1.331338	1.256752	1.274089	1.253776	1.266479	1.303651	1.257485	1.345171	1.220762	1.335107	1.293602
 GD 	0.840043	0.086451	0.837124	0.971038	0.675797
 IGD	0.035529	0.000770	0.035781	0.036102	0.033474
 HYP 	1.020270	0.082897	1.004975	1.333607	0.944293
 SU	1.275871	0.034790	1.266479	1.345171	1.220762
