
problem name = wfg2		



dimension =13		

GDs			13.300383	10.369106	5.136883	9.079673	12.656123	14.251812	14.834576	8.272450	9.502623	11.724356	7.797137	12.432111	7.939100	7.264396	10.397218	21.318227	9.578410	13.911245	11.373949	6.224562
IGDs			0.060766	0.027484	0.082347	0.055596	0.080668	0.012511	0.023658	0.046515	0.024337	0.026414	0.043618	0.033215	0.034612	0.075569	0.035597	0.056908	0.134643	0.016076	0.056973	0.031588
Ss			0.801320	0.909520	0.599140	0.800820	0.752760	0.954740	0.927640	0.843220	0.917480	0.909080	0.821040	0.892460	0.875620	0.768080	0.880120	0.839120	0.582780	0.956980	0.801700	0.884180
SUs			1.097272	1.063962	1.258926	1.140588	1.142906	1.093166	1.110885	1.211271	1.139185	1.102759	1.102219	1.071810	1.088360	1.197362	1.109166	0.988056	1.139573	1.125556	1.112329	1.247780
 GD 	10.868217	3.681653	10.383162	21.318227	5.136883
 IGD	0.047955	0.029069	0.039607	0.134643	0.012511
 HYP 	0.835890	0.102395	0.859420	0.956980	0.582780
 SU	1.127157	0.063508	1.111607	1.258926	0.988056
