
problem name = wfg7		



dimension =19		

GDs			0.438575	0.472200	0.401556	0.314895	0.459376	0.329222	0.383658	0.415312	0.463596	0.411407	0.372990	0.357688	0.391256	0.417287	0.312169	0.401903	0.437362	0.410439	0.388335	0.371515
IGDs			0.001657	0.001679	0.001604	0.001506	0.001664	0.001444	0.001627	0.001613	0.001664	0.001556	0.001664	0.001453	0.001602	0.001657	0.001447	0.001628	0.001649	0.001644	0.001672	0.001648
Ss			0.955460	0.946320	0.955840	0.965400	0.943560	0.971220	0.959860	0.964860	0.949680	0.965480	0.956360	0.970580	0.956360	0.954360	0.980260	0.955580	0.952800	0.954700	0.955560	0.959060
SUs			1.280222	1.299326	1.259295	1.276759	1.250950	1.266654	1.274210	1.235613	1.239265	1.303446	1.334527	1.321817	1.317454	1.268976	1.342241	1.261276	1.329726	1.238855	1.207838	1.364040
 GD 	0.397537	0.045941	0.401729	0.472200	0.312169
 IGD	0.001604	0.000079	0.001636	0.001679	0.001444
 HYP 	0.958665	0.008813	0.956100	0.980260	0.943560
 SU	1.283625	0.041480	1.275485	1.364040	1.207838
