
problem name = wfg8		



dimension =13		

GDs			0.039170	0.046410	0.049468	0.045245	0.042524	0.046267	0.043418	0.046761	0.045118	0.051399	0.047093	0.044876	0.044609	0.043242	0.046218	0.047511	0.045573	0.035986	0.052338	0.046853
IGDs			0.001500	0.001579	0.001562	0.001485	0.001579	0.001516	0.001480	0.001512	0.001501	0.001548	0.001524	0.001562	0.001522	0.001549	0.001626	0.001524	0.001542	0.001375	0.001610	0.001462
Ss			0.967580	0.966620	0.962980	0.960840	0.965460	0.968800	0.964900	0.962320	0.965320	0.963980	0.963520	0.964060	0.969320	0.967520	0.962600	0.963060	0.967020	0.985720	0.966140	0.965420
SUs			0.955742	0.936357	0.934710	0.905322	0.933112	0.960324	0.950975	0.883956	0.916398	0.926729	0.940869	0.935091	0.929246	0.952741	0.948033	0.940464	0.906093	0.990255	0.912048	0.919683
 GD 	0.045504	0.003696	0.045896	0.052338	0.035986
 IGD	0.001528	0.000056	0.001524	0.001626	0.001375
 HYP 	0.966159	0.005126	0.965370	0.985720	0.960840
 SU	0.933907	0.023442	0.934901	0.990255	0.883956
