
problem name = wfg2		



dimension =19		

GDs			859.083343	896.344549	170.362247	580.893300	595.706252	554.643325	848.092445	687.964710	706.961818	998.047182	658.409445	638.317476	623.958110	802.789366	810.603799	572.242689	387.521566	567.668287	587.422482	369.671746
IGDs			1.169868	1.176697	1.951069	2.444739	2.049659	4.056241	2.435367	0.600791	0.468221	1.541319	2.155459	2.953910	6.471601	1.186088	1.921690	4.580731	1.770652	2.753125	2.205023	1.826526
Ss			0.881720	0.886520	0.555760	0.767540	0.802160	0.653600	0.774500	0.920180	0.953120	0.850540	0.806860	0.713420	0.514800	0.874380	0.813720	0.666520	0.783140	0.739600	0.773300	0.739180
SUs			1.311451	1.292614	1.485777	1.492042	1.393083	1.472565	1.354037	1.386181	1.470978	1.311123	1.374412	1.396408	1.442937	1.312216	1.394426	1.733948	1.438221	1.438244	1.426015	1.376113
 GD 	645.835207	196.043749	631.137793	998.047182	170.362247
 IGD	2.285939	1.410796	2.000364	6.471601	0.468221
 HYP 	0.773528	0.113358	0.778820	0.953120	0.514800
 SU	1.415140	0.096549	1.395417	1.733948	1.292614
