
problem name = wfg3		



dimension =10		

GDs			3.696998	4.347845	3.873136	4.052766	3.485744	3.781096	3.706191	4.268403	3.895806	3.618819	3.481231	3.719222	3.566058	4.117491	3.448352	3.962892	3.478167	4.098293	3.969911	4.156589
IGDs			0.006214	0.007297	0.010255	0.008433	0.002869	0.003332	0.005242	0.004162	0.008661	0.005135	0.013533	0.004645	0.003286	0.009652	0.011219	0.005991	0.008355	0.005192	0.004849	0.012037
Ss			0.901640	0.854420	0.842560	0.822820	0.959960	0.935040	0.928160	0.921940	0.899020	0.879760	0.858720	0.912980	0.950620	0.824640	0.892780	0.918500	0.875280	0.920680	0.919280	0.854880
SUs			0.766993	0.752560	0.778587	0.765760	0.767521	0.770964	0.779197	0.765924	0.772465	0.768560	0.788062	0.772459	0.766404	0.762508	0.767837	0.750124	0.754050	0.773066	0.782165	0.765119
 GD 	3.836251	0.279611	3.827116	4.347845	3.448352
 IGD	0.007018	0.003114	0.006102	0.013533	0.002869
 HYP 	0.893684	0.040394	0.900330	0.959960	0.822820
 SU	0.768516	0.009498	0.767679	0.788062	0.750124
