
problem name = wfg4		



dimension =13		

GDs			0.315970	0.326476	0.362439	0.359765	0.383874	0.296321	0.352533	0.223890	0.381178	0.260685	0.319699	0.342629	0.406067	0.317272	0.341370	0.370287	0.379823	0.342009	0.310596	0.289067
IGDs			0.001235	0.001352	0.001360	0.001325	0.001321	0.000976	0.001343	0.000985	0.001332	0.000987	0.001294	0.001132	0.001299	0.001089	0.001349	0.001348	0.001357	0.001336	0.001319	0.000996
Ss			0.968740	0.943680	0.953580	0.950160	0.935520	0.980600	0.956460	0.985200	0.959000	0.986520	0.947240	0.965240	0.946760	0.973720	0.960420	0.946400	0.946380	0.937880	0.957360	0.972900
SUs			0.928611	0.970562	0.961418	0.969649	0.952618	0.975152	0.976703	1.068522	0.950108	0.965202	0.980549	0.977842	0.986618	0.973519	0.951670	0.949088	0.967625	0.933593	0.953921	0.960468
 GD 	0.334097	0.044535	0.341689	0.406067	0.223890
 IGD	0.001237	0.000147	0.001320	0.001360	0.000976
 HYP 	0.958688	0.015233	0.956910	0.986520	0.935520
 SU	0.967672	0.028184	0.966414	1.068522	0.928611
