
problem name = wfg4		



dimension =10		

GDs			0.080621	0.071595	0.123168	0.090597	0.104364	0.102701	0.077958	0.078406	0.076229	0.087837	0.101335	0.099649	0.090423	0.099487	0.101945	0.088604	0.102395	0.089345	0.095349	0.110176
IGDs			0.001068	0.001089	0.001378	0.001272	0.001388	0.001305	0.001083	0.001132	0.001087	0.001130	0.001323	0.001150	0.001073	0.001267	0.001389	0.001145	0.001269	0.001195	0.001314	0.001275
Ss			0.987180	0.991520	0.961940	0.967600	0.967680	0.959000	0.985040	0.980760	0.987400	0.977100	0.975780	0.980320	0.982700	0.960760	0.961320	0.980460	0.974380	0.981760	0.958140	0.969460
SUs			0.791274	0.824712	0.776739	0.803351	0.817576	0.778038	0.789697	0.818801	0.819791	0.798546	0.835272	0.795380	0.822262	0.789205	0.783327	0.824246	0.791480	0.832048	0.815860	0.779147
 GD 	0.093609	0.012885	0.092973	0.123168	0.071595
 IGD	0.001217	0.000113	0.001231	0.001389	0.001068
 HYP 	0.974515	0.010545	0.976440	0.991520	0.958140
 SU	0.804338	0.019245	0.800949	0.835272	0.776739
