
problem name = wfg9		



dimension =19		

GDs			0.231505	0.226054	0.263255	0.202140	0.231559	0.162106	0.237499	0.213534	0.195926	0.164319	0.207607	0.200577	0.219400	0.197463	0.189771	0.248634	0.190451	0.241596	0.236858	0.194585
IGDs			0.003045	0.003040	0.001726	0.002994	0.003040	0.002998	0.003045	0.003034	0.003003	0.003326	0.001571	0.003002	0.003240	0.002992	0.002994	0.003019	0.003024	0.003300	0.003070	0.003013
Ss			0.624160	0.619960	0.921380	0.613080	0.606300	0.610540	0.624840	0.625100	0.619540	0.572420	0.948200	0.617720	0.604460	0.618500	0.616620	0.632780	0.614220	0.583420	0.631180	0.603160
SUs			1.257917	1.267896	1.257052	1.254822	1.212320	1.280942	1.225813	1.240180	1.280524	1.328775	1.269314	1.329014	1.277687	1.273727	1.263439	1.268048	1.289272	1.271595	1.267039	1.273173
 GD 	0.212742	0.027010	0.210571	0.263255	0.162106
 IGD	0.002924	0.000448	0.003021	0.003326	0.001571
 HYP 	0.645379	0.100138	0.618110	0.948200	0.572420
 SU	1.269427	0.027522	1.268681	1.329014	1.212320
