
problem name = wfg6		



dimension =10		

GDs			0.024191	0.024274	0.025509	0.023601	0.022203	0.023320	0.022922	0.022435	0.025102	0.023477	0.024874	0.025505	0.022860	0.023738	0.025413	0.023541	0.024482	0.022234	0.023838	0.027974
IGDs			0.001229	0.001346	0.001332	0.001303	0.001321	0.001299	0.001355	0.001315	0.001306	0.001290	0.001335	0.001308	0.001336	0.001263	0.001317	0.001327	0.001318	0.001245	0.001289	0.001381
Ss			0.955940	0.935060	0.948780	0.957060	0.963280	0.953140	0.948900	0.939300	0.937440	0.942080	0.965300	0.946260	0.936220	0.955160	0.953040	0.959960	0.945200	0.962580	0.969100	0.974540
SUs			0.744412	0.719689	0.718866	0.734031	0.738206	0.727339	0.725630	0.716440	0.720443	0.736363	0.744933	0.720448	0.731422	0.720532	0.710904	0.737020	0.731345	0.730209	0.749005	0.770617
 GD 	0.024075	0.001396	0.023788	0.027974	0.022203
 IGD	0.001311	0.000036	0.001316	0.001381	0.001229
 HYP 	0.952417	0.011325	0.953090	0.974540	0.935060
 SU	0.731393	0.013874	0.730777	0.770617	0.710904
