
problem name = wfg6		



dimension =19		

GDs			0.089385	0.080414	0.073070	0.057547	0.093489	0.080972	0.088166	0.082475	0.073103	0.074126	0.074971	0.086189	0.079980	0.081231	0.074513	0.089010	0.081679	0.085960	0.087216	0.080891
IGDs			0.001799	0.001773	0.001674	0.001534	0.001862	0.001660	0.001774	0.001669	0.001620	0.001667	0.001764	0.001809	0.001725	0.001714	0.001597	0.001840	0.001751	0.001833	0.001806	0.001707
Ss			0.769340	0.805280	0.827420	0.837020	0.767820	0.817900	0.831420	0.835300	0.830960	0.832660	0.804100	0.801700	0.813500	0.780740	0.862180	0.779760	0.826360	0.808020	0.809600	0.804180
SUs			1.292320	1.285843	1.290207	1.312427	1.254506	1.236951	1.276151	1.261079	1.267644	1.300289	1.303659	1.250794	1.278395	1.300628	1.264701	1.264691	1.213991	1.265770	1.319974	1.258781
 GD 	0.080719	0.008064	0.081102	0.093489	0.057547
 IGD	0.001729	0.000088	0.001738	0.001862	0.001534
 HYP 	0.812263	0.024511	0.811550	0.862180	0.767820
 SU	1.274940	0.026345	1.271897	1.319974	1.213991
