
problem name = wfg7		



dimension =13		

GDs			0.062209	0.063901	0.065951	0.062149	0.056923	0.058300	0.067781	0.066850	0.058777	0.069359	0.054741	0.060465	0.060627	0.065912	0.054206	0.058253	0.067075	0.060116	0.060933	0.059821
IGDs			0.001902	0.001901	0.001664	0.001669	0.001648	0.001831	0.001854	0.001758	0.001754	0.001834	0.001794	0.001725	0.001753	0.001866	0.001655	0.001672	0.001909	0.001680	0.001949	0.001613
Ss			0.965360	0.964140	0.956960	0.966000	0.969860	0.965940	0.963380	0.964920	0.965540	0.963300	0.964220	0.962440	0.962400	0.962000	0.967720	0.969080	0.962980	0.965680	0.965980	0.967300
SUs			1.005103	0.952218	0.978847	0.942059	0.966499	0.943842	0.941839	0.948947	0.944768	0.972319	0.967636	0.971203	0.977251	0.945935	1.024348	0.930572	0.974831	0.953816	0.982554	1.002464
 GD 	0.061717	0.004358	0.060780	0.069359	0.054206
 IGD	0.001772	0.000104	0.001756	0.001949	0.001613
 HYP 	0.964760	0.002842	0.965140	0.969860	0.956960
 SU	0.966353	0.024452	0.967068	1.024348	0.930572
