
problem name = wfg5		



dimension =13		

GDs			0.042932	0.047475	0.047906	0.047286	0.045882	0.044043	0.046334	0.043711	0.046028	0.042762	0.042914	0.046108	0.046602	0.044020	0.044168	0.048490	0.047151	0.044212	0.044513	0.046079
IGDs			0.001655	0.001560	0.001732	0.001621	0.001716	0.001708	0.001680	0.001671	0.001700	0.001659	0.001629	0.001654	0.001602	0.001577	0.001576	0.001662	0.001716	0.001642	0.001697	0.001720
Ss			0.915380	0.908400	0.906560	0.909560	0.910680	0.905600	0.907140	0.911720	0.906520	0.907540	0.917560	0.915820	0.919140	0.904900	0.909540	0.914260	0.906000	0.916760	0.909460	0.903360
SUs			0.913320	0.928571	0.981056	0.903680	0.916340	0.933379	0.961806	0.960262	0.908879	0.932410	0.929283	0.948715	0.947081	0.934786	0.936693	0.898247	0.940782	0.926062	0.960126	0.989162
 GD 	0.045431	0.001780	0.045955	0.048490	0.042762
 IGD	0.001659	0.000052	0.001661	0.001732	0.001560
 HYP 	0.910295	0.004679	0.909500	0.919140	0.903360
 SU	0.937532	0.024366	0.934083	0.989162	0.898247
