
problem name = wfg9		



dimension =10		

GDs			0.028794	0.032257	0.027051	0.029574	0.029719	0.029392	0.027938	0.027330	0.031054	0.028185	0.028873	0.027394	0.028357	0.028123	0.028338	0.028396	0.029232	0.029426	0.026214	0.028848
IGDs			0.001427	0.001479	0.001412	0.001347	0.001402	0.001515	0.001470	0.001419	0.001422	0.001355	0.001392	0.001309	0.001382	0.001497	0.001257	0.001443	0.001301	0.001517	0.001472	0.001389
Ss			0.959600	0.960200	0.959980	0.959360	0.957740	0.952580	0.951280	0.952660	0.955420	0.957420	0.958400	0.958300	0.954540	0.954040	0.953160	0.951260	0.956320	0.956600	0.946200	0.957940
SUs			0.789268	0.767047	0.822171	0.754277	0.781056	0.756658	0.787929	0.782914	0.752404	0.764935	0.760619	0.795348	0.762910	0.767837	0.761654	0.768528	0.765045	0.799590	0.786732	0.775494
 GD 	0.028725	0.001364	0.028595	0.032257	0.026214
 IGD	0.001410	0.000072	0.001416	0.001517	0.001257
 HYP 	0.955650	0.003654	0.956460	0.960200	0.946200
 SU	0.775121	0.017794	0.768182	0.822171	0.752404
