
problem name = wfg9		



dimension =13		

GDs			0.039700	0.040169	0.045506	0.043942	0.043020	0.043812	0.040893	0.038829	0.041703	0.044574	0.041461	0.041055	0.042750	0.038897	0.045838	0.041341	0.041549	0.043789	0.043571	0.042546
IGDs			0.001612	0.001612	0.001678	0.001603	0.001739	0.001648	0.001525	0.001673	0.001676	0.001712	0.001596	0.001692	0.001581	0.001616	0.001658	0.001727	0.001660	0.001712	0.001690	0.001669
Ss			0.854340	0.871920	0.866920	0.865600	0.861940	0.872440	0.867840	0.862740	0.865780	0.860840	0.863140	0.861200	0.869360	0.869440	0.866540	0.861800	0.864320	0.842400	0.858180	0.865620
SUs			0.935043	1.002646	0.973167	0.992931	0.921782	0.968606	0.976768	0.981024	0.944948	0.955874	0.957677	0.980051	1.024392	0.985489	0.943391	0.999558	0.963517	0.918161	0.993098	0.922315
 GD 	0.042247	0.002033	0.042125	0.045838	0.038829
 IGD	0.001654	0.000055	0.001664	0.001739	0.001525
 HYP 	0.863618	0.006691	0.864960	0.872440	0.842400
 SU	0.967022	0.029502	0.970886	1.024392	0.918161
