
problem name = wfg4		



dimension =19		

GDs			4.298458	3.509701	2.782334	2.789121	2.807184	2.769741	4.038580	2.597880	3.825574	2.593637	2.684615	3.018213	3.212584	2.901794	4.277375	2.885990	2.863677	2.962825	3.095053	4.032295
IGDs			0.001655	0.001647	0.001920	0.001691	0.001067	0.001644	0.001563	0.001595	0.001571	0.001175	0.001734	0.001090	0.001893	0.001421	0.001349	0.001046	0.001639	0.001613	0.001043	0.001413
Ss			0.907640	0.935460	0.956620	0.954480	0.972920	0.963100	0.927100	0.962120	0.921080	0.974240	0.961500	0.978400	0.955480	0.963780	0.924340	0.972780	0.959940	0.962640	0.977240	0.909980
SUs			1.245927	1.236113	1.231892	1.245747	1.273874	1.243410	1.284771	1.265207	1.269866	1.275182	1.239083	1.314203	1.197923	1.220534	1.205463	1.248264	1.241387	1.245875	1.260841	1.234924
 GD 	3.197331	0.577200	2.932309	4.298458	2.593637
 IGD	0.001488	0.000276	0.001583	0.001920	0.001043
 HYP 	0.952042	0.022614	0.960720	0.978400	0.907640
 SU	1.249024	0.027012	1.245811	1.314203	1.197923
