
problem name = wfg5		



dimension =19		

problem name = wfg5		



dimension =19		

GDs			0.143606	0.132486	0.137905	0.132920	0.133799	0.122902	0.143728	0.120883	0.116585	0.143250	0.133912	0.157842	0.130889	0.133767	0.128641	0.138635	0.117625	0.129383	0.152947	0.127372
IGDs			0.001812	0.001879	0.001899	0.001913	0.001858	0.001878	0.001911	0.001775	0.001844	0.001901	0.001883	0.002120	0.001881	0.001887	0.001886	0.001891	0.001768	0.001871	0.001868	0.001839
Ss			0.729160	0.727280	0.734440	0.708940	0.723160	0.739720	0.717400	0.747180	0.724620	0.726820	0.722460	0.671200	0.742760	0.727600	0.723740	0.728040	0.732800	0.740560	0.726020	0.726300
SUs			1.290364	1.228903	1.254519	1.212222	1.298867	1.226008	1.286027	1.269751	1.277299	1.225159	1.254755	1.230741	1.287541	1.238658	1.298924	1.218497	1.316123	1.240695	1.283153	1.247713
 GD 	0.133954	0.010786	0.133343	0.157842	0.116585
 IGD	0.001878	0.000070	0.001880	0.002120	0.001768
 HYP 	0.726010	0.015664	0.727050	0.747180	0.671200
 SU	1.259296	0.031362	1.254637	1.316123	1.212222
