
problem name = wfg3		



dimension =19		

GDs			2682.990120	2518.296297	2660.464524	2661.750807	2757.740621	2540.585192	2749.520912	2875.218950	2794.835917	2646.067046	2544.491003	2451.874429	2677.438377	2826.394429	2856.986087	2651.885787	2581.292604	2598.591264	2912.422270	3108.893378
IGDs			2.324178	2.468262	3.091219	2.380522	4.671496	2.164017	0.891367	4.138413	6.591355	4.844843	1.797903	1.976988	4.570239	3.659872	3.841518	2.044832	2.048152	2.447394	2.862619	3.543912
Ss			0.640960	0.648200	0.664920	0.683400	0.456880	0.585320	0.720520	0.631740	0.382800	0.496000	0.623940	0.707280	0.520420	0.434560	0.545880	0.582520	0.548220	0.675900	0.631860	0.470800
SUs			1.167206	1.149372	1.144953	1.146867	1.157627	1.166940	1.158979	1.160025	1.176019	1.168633	1.158519	1.166105	1.156912	1.159157	1.173384	1.159065	1.159666	1.159743	1.190574	1.157078
 GD 	2704.887001	158.204294	2669.594592	3108.893378	2451.874429
 IGD	3.117955	1.355863	2.665441	6.591355	0.891367
 HYP 	0.582606	0.096930	0.604630	0.720520	0.382800
 SU	1.161841	0.010400	1.159411	1.190574	1.144953
