
problem name = wfg5		



dimension =10		

GDs			0.023429	0.024863	0.022825	0.023494	0.023693	0.023056	0.024013	0.025283	0.025026	0.023483	0.025784	0.023664	0.024149	0.025434	0.023629	0.023486	0.023428	0.022347	0.023685	0.023050
IGDs			0.001387	0.001378	0.001324	0.001413	0.001384	0.001297	0.001269	0.001331	0.001378	0.001330	0.001332	0.001260	0.001233	0.001317	0.001293	0.001215	0.001282	0.001302	0.001317	0.001247
Ss			0.951200	0.962060	0.956640	0.953400	0.953980	0.957560	0.958840	0.964720	0.957360	0.961580	0.959780	0.960300	0.963420	0.963440	0.959920	0.966460	0.955340	0.962500	0.952380	0.962020
SUs			0.760016	0.756141	0.800554	0.747474	0.758646	0.757608	0.761657	0.763296	0.736751	0.751478	0.775004	0.746152	0.735326	0.754485	0.731764	0.764356	0.745136	0.758798	0.746360	0.755703
 GD 	0.023891	0.000925	0.023647	0.025784	0.022347
 IGD	0.001314	0.000055	0.001317	0.001413	0.001215
 HYP 	0.959145	0.004309	0.959850	0.966460	0.951200
 SU	0.755335	0.015070	0.755922	0.800554	0.731764
