
problem name = wfg8		



dimension =10		

GDs			0.022979	0.025270	0.024214	0.024190	0.023838	0.023862	0.024747	0.023695	0.024348	0.025540	0.022145	0.021828	0.022004	0.024933	0.023477	0.024019	0.021738	0.024764	0.024103	0.025362
IGDs			0.001254	0.001397	0.001228	0.001389	0.001263	0.001187	0.001337	0.001288	0.001269	0.001179	0.001189	0.001254	0.001282	0.001346	0.001199	0.001269	0.001206	0.001244	0.001179	0.001264
Ss			0.976260	0.973420	0.975900	0.973140	0.972440	0.973580	0.975320	0.973800	0.973460	0.975660	0.968880	0.971240	0.973920	0.975820	0.975240	0.973820	0.972800	0.976020	0.979760	0.976100
SUs			0.754341	0.790935	0.760808	0.739295	0.743084	0.770901	0.745506	0.754467	0.761392	0.761019	0.757119	0.768375	0.755945	0.758190	0.765380	0.770865	0.772817	0.741880	0.734756	0.751957
 GD 	0.023853	0.001178	0.024061	0.025540	0.021738
 IGD	0.001261	0.000066	0.001259	0.001397	0.001179
 HYP 	0.974329	0.002258	0.973870	0.979760	0.968880
 SU	0.757952	0.013422	0.757655	0.790935	0.734756
