
problem name = wfg6		



dimension =13		

GDs			0.031941	0.031110	0.027527	0.027605	0.032580	0.026527	0.028861	0.032146	0.030480	0.031599	0.031650	0.031315	0.031279	0.030861	0.028573	0.031063	0.028058	0.030091	0.030633	0.030136
IGDs			0.001564	0.001551	0.001518	0.001570	0.001560	0.001474	0.001566	0.001512	0.001534	0.001563	0.001469	0.001574	0.001522	0.001552	0.001485	0.001526	0.001386	0.001551	0.001504	0.001504
Ss			0.926080	0.920560	0.953360	0.951700	0.912340	0.948260	0.949860	0.937240	0.943760	0.934220	0.940300	0.907240	0.933100	0.947480	0.955100	0.921700	0.954220	0.911000	0.922000	0.937620
SUs			0.936546	0.917739	0.936558	0.949914	0.918070	0.965846	0.941515	0.937764	0.965325	0.924839	0.943181	0.905132	0.921443	0.950016	0.977319	0.932401	0.915902	0.919203	0.921113	0.959455
 GD 	0.030202	0.001742	0.030747	0.032580	0.026527
 IGD	0.001524	0.000046	0.001530	0.001574	0.001386
 HYP 	0.935357	0.015482	0.937430	0.955100	0.907240
 SU	0.936964	0.019642	0.936552	0.977319	0.905132
