
problem name = wfg8		



dimension =19		

GDs			0.186489	0.175204	0.180320	0.165136	0.191628	0.203026	0.188826	0.181671	0.164273	0.133629	0.155547	0.178851	0.160855	0.194646	0.198808	0.206788	0.138652	0.184333	0.164705	0.185082
IGDs			0.001502	0.001486	0.001454	0.001406	0.001491	0.001483	0.001496	0.001479	0.001485	0.001293	0.001493	0.001449	0.001464	0.001487	0.001503	0.001499	0.001278	0.001497	0.001485	0.001452
Ss			0.930640	0.940900	0.936660	0.934620	0.940720	0.936900	0.944480	0.940920	0.946140	0.957960	0.943900	0.927320	0.938180	0.940060	0.936300	0.938620	0.964840	0.940780	0.945700	0.940140
SUs			1.197960	1.237514	1.246012	1.269908	1.252683	1.182819	1.177143	1.207268	1.225793	1.325193	1.252868	1.290874	1.229013	1.204645	1.182054	1.233366	1.276017	1.252585	1.215683	1.201786
 GD 	0.176923	0.019842	0.180996	0.206788	0.133629
 IGD	0.001459	0.000064	0.001485	0.001503	0.001278
 HYP 	0.941289	0.008372	0.940430	0.964840	0.927320
 SU	1.233059	0.038857	1.231189	1.325193	1.177143
