
problem name = wfg3		



dimension =13		

GDs			33.053368	37.170973	37.112531	38.262462	34.100675	36.351160	33.197782	38.094584	39.128247	34.144585	37.253783	35.635060	37.532904	36.215653	32.401809	36.100141	36.391909	39.710035	36.297156	34.728123
IGDs			0.031163	0.050159	0.111846	0.093055	0.017960	0.032540	0.043676	0.112832	0.047267	0.044585	0.021517	0.055428	0.010438	0.063944	0.019903	0.079956	0.014160	0.024845	0.017918	0.055789
Ss			0.827320	0.764840	0.606500	0.733280	0.866900	0.861700	0.798760	0.735780	0.827040	0.842820	0.817560	0.774580	0.861800	0.767940	0.789920	0.736960	0.904000	0.863340	0.826920	0.795480
SUs			0.903354	0.921180	0.903207	0.913934	0.909841	0.911125	0.918748	0.904231	0.905993	0.909810	0.897621	0.931779	0.910254	0.909068	0.917153	0.906030	0.947078	0.908105	0.911743	0.910226
 GD 	36.144147	2.024534	36.324158	39.710035	32.401809
 IGD	0.047449	0.031324	0.044131	0.112832	0.010438
 HYP 	0.800172	0.066609	0.808160	0.904000	0.606500
 SU	0.912524	0.011020	0.910034	0.947078	0.897621
