
problem name = wfg2		



dimension =10		

GDs			1.868461	1.321361	1.669745	1.362862	2.080607	1.033070	1.067405	1.157748	1.157218	1.751735	1.360941	1.700063	1.310688	1.150514	2.073095	1.425435	0.844299	0.881885	2.012973	1.757148
IGDs			0.017058	0.022542	0.008231	0.012866	0.007765	0.004602	0.002869	0.002973	0.004849	0.009587	0.013333	0.008570	0.015879	0.010289	0.008651	0.005314	0.005168	0.002959	0.006627	0.011284
Ss			0.757360	0.593760	0.883800	0.850680	0.911600	0.918020	0.947540	0.954640	0.915340	0.859360	0.801600	0.896540	0.799160	0.832520	0.910620	0.928100	0.921620	0.942360	0.915540	0.841740
SUs			0.907270	0.893606	0.962962	1.067020	0.947084	0.945974	0.968263	0.942696	0.912578	0.914099	0.914570	0.957614	1.063141	0.960338	0.952241	0.960141	1.110283	0.928950	0.953597	0.947190
 GD 	1.449363	0.390472	1.361901	2.080607	0.844299
 IGD	0.009071	0.005231	0.008400	0.022542	0.002869
 HYP 	0.869095	0.084769	0.903580	0.954640	0.593760
 SU	0.960481	0.056315	0.949716	1.110283	0.893606
