
problem name = wfg7		



dimension =10		

GDs			0.025138	0.025343	0.025632	0.027509	0.025326	0.023718	0.023070	0.026055	0.027004	0.025809	0.028156	0.022500	0.028020	0.026937	0.025754	0.024454	0.022801	0.026920	0.024756	0.026540
IGDs			0.001374	0.001512	0.001704	0.001451	0.001453	0.001466	0.001488	0.001414	0.001516	0.001367	0.001465	0.001413	0.001501	0.001493	0.001536	0.001403	0.001389	0.001634	0.001368	0.001457
Ss			0.971460	0.965840	0.969780	0.972460	0.974340	0.969460	0.974000	0.973040	0.971820	0.969060	0.971500	0.970520	0.971320	0.970040	0.971000	0.971460	0.971780	0.971100	0.969280	0.970460
SUs			0.788955	0.799349	0.849157	0.859954	0.779574	0.816131	0.837283	0.815272	0.821045	0.812581	0.793235	0.815582	0.835723	0.822394	0.841920	0.821344	0.821571	0.830815	0.815603	0.845222
 GD 	0.025572	0.001661	0.025693	0.028156	0.022500
 IGD	0.001470	0.000086	0.001461	0.001704	0.001367
 HYP 	0.970986	0.001880	0.971210	0.974340	0.965840
 SU	0.821135	0.020626	0.821194	0.859954	0.779574
