
problem name = wfg2		



dimension =19		

GDs			5457.090025	7678.770480	7118.796544	7849.892176	8769.401697	10809.793390	6363.825880	4404.236691	5226.774943	5076.412007	4920.539152	7212.094783	5450.094858	5461.771965	7349.801043	7348.410903	8352.443358
IGDs			447.602527	201.110178	507.385727	299.126108	585.561959	151.170866	488.385047	163.882393	523.441654	108.560734	160.152380	198.761510	147.709614	69.332387	205.756342	184.194203	401.888710
Ss			0.041831	0.056565	0.063839	0.070261	0.099112	0.118549	0.203468	0.336086	0.350168	0.355179	0.374488	0.433977	0.436337	0.442075	0.447458	0.555999	0.610729
SUs			1.484317	1.360846	1.383949	1.386955	1.390279	1.302591	1.423590	1.382947	1.431932	1.419850	1.399085	1.370996	1.384334	1.382533	1.442403	1.436436	1.350285
 GD 	6755.891170	1684.628899	7118.796544	10809.793390	4404.236691
 IGD	284.942491	168.428289	201.110178	585.561959	69.332387
 HYP 	0.293889	0.188646	0.350168	0.610729	0.041831
 SU	1.396078	0.041565	1.386955	1.484317	1.302591
