
problem name = wfg2		



dimension =10		

GDs			9.158193	4.557760	3.938336	6.200523	5.131968	8.068607	7.858614	7.893890	11.890712	3.003997	4.800357	8.441927	5.107515	7.268879	5.063650	5.110710	11.369760
IGDs			0.101035	0.268696	0.252104	0.065475	0.833626	0.511501	0.964064	0.418771	0.201684	0.461108	0.898057	0.943157	0.330445	0.584896	0.642763	0.632151	0.256544
Ss			0.287485	0.308809	0.324824	0.353754	0.440057	0.448654	0.489950	0.525987	0.559153	0.582293	0.607409	0.653367	0.698251	0.721722	0.725634	0.861363	0.865327
SUs			0.926319	1.133615	0.974591	0.975060	0.912035	0.949020	0.972111	0.968159	0.936703	1.062793	1.025910	0.996103	0.963823	0.981765	0.982569	0.919753	0.902938
 GD 	6.756788	2.533150	6.200523	11.890712	3.003997
 IGD	0.492122	0.293012	0.461108	0.964064	0.065475
 HYP 	0.556120	0.183031	0.559153	0.865327	0.287485
 SU	0.975486	0.057502	0.972111	1.133615	0.902938
