
problem name = wfg2		



dimension =19		

GDs			9619.180951	7666.969813	9158.019196	8284.762445	10664.427827	11583.911816	10011.167624	7858.870258	7918.167550	9000.663036	12073.299903	13134.608882	10133.041466	5878.665167	9874.896037	7014.998464	10542.557308
IGDs			269.117653	126.023596	497.943813	114.541386	324.203267	258.460444	847.995722	292.535467	230.405811	283.747943	253.809600	344.956779	111.379280	263.952648	127.044910	118.895418	155.298211
Ss			0.006225	0.067788	0.137055	0.183178	0.184847	0.189940	0.208867	0.214708	0.215137	0.223099	0.308271	0.406449	0.432997	0.482764	0.522872	0.527296	0.534460
SUs			1.273759	1.377345	1.309139	1.338435	1.300996	1.330756	1.268841	1.467049	1.378354	1.332145	1.286764	1.316610	1.307424	1.458034	1.279799	1.351820	1.347537
 GD 	9436.365161	1888.345760	9619.180951	13134.608882	5878.665167
 IGD	271.783056	180.921161	258.460444	847.995722	111.379280
 HYP 	0.285056	0.167611	0.215137	0.534460	0.006225
 SU	1.336753	0.057607	1.330756	1.467049	1.268841
