
problem name = wfg3		



dimension =10		

GDs			5.158813	5.603550	5.905240	4.718405	5.202122	5.448777	5.841392	4.597177	4.267552	5.377873	4.965920	4.792485	5.470257	5.207273	5.549693	5.062867	5.489617
IGDs			0.091071	0.084344	0.267317	0.123713	0.155004	0.102828	0.116286	0.104663	0.172071	0.093602	0.104210	0.153293	0.114415	0.120622	0.095281	0.084786	0.134906
Ss			0.188392	0.356234	0.375967	0.376624	0.397398	0.399931	0.422756	0.508787	0.541527	0.579930	0.599233	0.609067	0.638246	0.651964	0.673521	0.683118	0.766918
SUs			0.768455	0.753876	0.764397	0.756823	0.784305	0.766885	0.752178	0.761606	0.772757	0.777789	0.768297	0.757156	0.772410	0.766072	0.768001	0.796984	0.754525
 GD 	5.215236	0.443466	5.207273	5.905240	4.267552
 IGD	0.124612	0.044793	0.114415	0.267317	0.084344
 HYP 	0.515860	0.153629	0.541527	0.766918	0.188392
 SU	0.767207	0.011636	0.766885	0.796984	0.752178
