
problem name = wfg3		



dimension =19		

GDs			3310.305621	2752.052575	3397.729487	3049.575295	2815.573028	3129.836978	2867.889443	2923.486428	3032.586465	3285.489684	2767.198023	2989.435989	3302.603111	3316.455587	3137.092272	2889.981668	3184.275306
IGDs			14.124772	28.831032	86.974311	68.355914	15.326912	12.730684	26.461440	34.123748	106.103493	29.120806	40.546860	35.809647	12.278008	29.856591	63.772258	83.752730	14.505344
Ss			0.008553	0.024348	0.029263	0.045167	0.063370	0.120700	0.170781	0.172575	0.213498	0.221054	0.226042	0.254329	0.385941	0.386948	0.393289	0.426355	0.432023
SUs			1.186895	1.163901	1.169272	1.147902	1.157474	1.179225	1.165815	1.150430	1.156891	1.156692	1.190957	1.158020	1.168995	1.196033	1.148794	1.156775	1.170638
 GD 	3067.739233	210.361187	3049.575295	3397.729487	2752.052575
 IGD	41.333797	29.423159	29.856591	106.103493	12.278008
 HYP 	0.210249	0.150336	0.213498	0.432023	0.008553
 SU	1.166159	0.014660	1.163901	1.196033	1.147902
