
problem name = wfg4		



dimension =10		

GDs			0.301859	0.256644	0.282214	0.234123	0.302878	0.328242	0.257875	0.258130	0.286977	0.311899	0.183962	0.301826	0.252912	0.307612	0.326817	0.313678	0.268233
IGDs			0.029666	0.025786	0.028202	0.027249	0.027351	0.027368	0.024878	0.025506	0.028645	0.027531	0.024834	0.028619	0.024449	0.029260	0.030241	0.029438	0.026487
Ss			0.922314	0.939819	0.949244	0.949678	0.964821	0.965194	0.971121	0.975676	0.975822	0.997744	0.998763	1.003026	1.008266	1.036513	1.052205	1.065759	1.183050
SUs			0.823871	0.820288	0.807255	0.789625	0.802864	0.793549	0.799739	0.787427	0.800405	0.779635	0.810571	0.836825	0.777575	0.819743	0.779929	0.839194	0.801444
 GD 	0.280934	0.037636	0.286977	0.328242	0.183962
 IGD	0.027383	0.001824	0.027368	0.030241	0.024449
 HYP 	0.997589	0.061796	0.975822	1.183050	0.922314
 SU	0.804114	0.019004	0.801444	0.839194	0.777575
