
problem name = wfg4		



dimension =19		

GDs			24.494213	34.449563	38.544249	31.211585	41.791668	31.140098	37.859176	37.611552	42.143735	29.931489	37.978684	26.081435	39.457723	39.594595	42.104063	28.784121	37.717412
IGDs			0.074806	0.092601	0.043049	0.048241	0.061126	0.056041	0.050799	0.084799	0.048294	0.095496	0.053656	0.060120	0.070060	0.088572	0.054307	0.056892	0.046486
Ss			0.779796	0.799547	0.804937	0.809498	0.811060	0.812974	0.823832	0.828875	0.830408	0.832714	0.843106	0.848117	0.883285	1.046308	1.051747	1.099406	1.167546
SUs			1.211518	1.241921	1.256206	1.205757	1.300623	1.303382	1.186879	1.262384	1.263741	1.241559	1.233199	1.210745	1.278920	1.257293	1.197583	1.215581	1.250575
 GD 	35.346786	5.668837	37.717412	42.143735	24.494213
 IGD	0.063844	0.017235	0.056892	0.095496	0.043049
 HYP 	0.886656	0.121563	0.830408	1.167546	0.779796
 SU	1.242227	0.034433	1.241921	1.303382	1.186879
