
problem name = wfg5		



dimension =10		

GDs			0.056298	0.053758	0.053228	0.058464	0.054873	0.056800	0.050904	0.057297	0.054958	0.057586	0.058959	0.055754	0.057678	0.059859	0.052923	0.055508	0.062459
IGDs			0.028926	0.027880	0.026707	0.027019	0.025060	0.028541	0.025663	0.031306	0.024906	0.027736	0.030629	0.027356	0.026683	0.028637	0.026654	0.026203	0.028262
Ss			1.019074	1.029917	1.042187	1.046188	1.050143	1.054540	1.064853	1.065524	1.068007	1.074164	1.085827	1.086554	1.094984	1.104690	1.129822	1.136339	1.141802
SUs			0.751408	0.795431	0.750130	0.739327	0.750900	0.739980	0.761188	0.769459	0.740960	0.782183	0.755538	0.748258	0.761409	0.741913	0.764638	0.751654	0.750407
 GD 	0.056312	0.002832	0.056298	0.062459	0.050904
 IGD	0.027539	0.001758	0.027356	0.031306	0.024906
 HYP 	1.076154	0.036302	1.068007	1.141802	1.019074
 SU	0.756164	0.015213	0.751408	0.795431	0.739327
