
problem name = wfg2		



dimension =19		

GDs			8316.954015	1581.172749	5390.053740	5527.458652	5146.522816	7869.330629	6383.548012	6559.680829	9260.620302	6109.280108	5922.919175	5789.723140	7448.944184	7521.404740	5309.833527	3595.902892	6635.856185
IGDs			152.580142	252.991615	317.004980	265.775589	525.965729	315.791752	77.902571	60.713136	199.859823	279.494410	383.028257	839.161456	153.797775	249.182129	593.975545	229.597176	549.149830
Ss			0.008121	0.041021	0.050914	0.055763	0.130331	0.188252	0.194222	0.237819	0.252995	0.270625	0.301683	0.323800	0.350645	0.420846	0.429926	0.656139	0.704335
SUs			1.294427	1.488309	1.492464	1.391310	1.477114	1.350548	1.387041	1.467680	1.311574	1.370081	1.394733	1.442800	1.316578	1.396644	1.732226	1.436267	1.363167
 GD 	6139.365041	1796.016592	6109.280108	9260.620302	1581.172749
 IGD	320.351289	203.363273	265.775589	839.161456	60.713136
 HYP 	0.271614	0.200718	0.252995	0.704335	0.008121
 SU	1.418410	0.101716	1.394733	1.732226	1.294427
