
problem name = wfg2		



dimension =10		

GDs			6.456375	7.989058	6.543464	9.887712	4.999107	5.155808	5.562974	5.572071	8.377549	6.565493	8.110946	6.335183	5.599744	9.825949	6.809082	4.117941	7.694697
IGDs			1.468285	0.533375	0.836729	0.502701	0.296059	0.178206	0.181054	0.313842	0.622812	0.867630	0.552222	1.031782	0.668426	0.552472	0.342718	0.333475	0.313471
Ss			0.145142	0.263505	0.340427	0.365117	0.431685	0.440537	0.502100	0.506536	0.513287	0.524859	0.636628	0.659489	0.663417	0.669835	0.695474	0.780250	0.786791
SUs			0.895257	0.963622	1.065496	0.948726	0.950320	0.974129	0.943617	0.913054	0.917731	0.912150	0.962576	1.063431	0.962430	0.955708	0.961247	1.107530	0.893830
 GD 	6.800185	1.642894	6.543464	9.887712	4.117941
 IGD	0.564427	0.337007	0.533375	1.468285	0.178206
 HYP 	0.525005	0.180724	0.513287	0.786791	0.145142
 SU	0.964168	0.060664	0.955708	1.107530	0.893830
