
problem name = wfg2		



dimension =13		

GDs			67.801390	33.891388	59.479122	82.744801	93.101782	96.855331	54.230502	62.101528	76.634093	51.122110	81.246090	51.979761	47.617618	67.999075	139.197358	62.784368	63.227291
IGDs			2.497756	7.491803	5.058045	7.339982	1.128831	2.150922	4.229172	2.211148	2.401210	3.967493	3.018246	3.141602	6.875653	3.238544	5.177277	12.252784	5.006401
Ss			0.562973	0.178239	0.329726	0.181142	0.754985	0.619556	0.378006	0.617711	0.574929	0.397820	0.504060	0.505808	0.216912	0.480198	0.258851	0.049675	0.323705
SUs			1.067548	1.255731	1.143126	1.142952	1.094149	1.107684	1.211338	1.139515	1.104286	1.106741	1.070731	1.087072	1.199491	1.105461	0.990892	1.142446	1.092597
 GD 	70.118447	24.225869	63.227291	139.197358	33.891388
 IGD	4.540404	2.741912	3.967493	12.252784	1.128831
 HYP 	0.407900	0.192138	0.397820	0.754985	0.049675
 SU	1.121280	0.061308	1.106741	1.255731	0.990892
