
problem name = wfg3		



dimension =10		

GDs			5.594150	4.983971	5.215474	4.486995	4.865707	4.769294	5.491444	5.012660	4.657890	4.480526	4.786881	4.590410	5.298340	4.439025	5.099882	4.477845	4.399158
IGDs			0.130712	0.183634	0.150999	0.051427	0.059732	0.093993	0.074778	0.155101	0.092001	0.242348	0.083322	0.059002	0.172832	0.200896	0.107441	0.149610	0.083276
Ss			0.363122	0.372656	0.381123	0.407943	0.434994	0.470390	0.508739	0.546793	0.642344	0.705824	0.732887	0.748398	0.777123	0.791350	0.918781	0.991982	1.074532
SUs			0.754024	0.780717	0.764865	0.764404	0.772745	0.775444	0.766634	0.772739	0.771222	0.792865	0.773950	0.766612	0.761524	0.772012	0.752200	0.756446	0.760423
 GD 	4.861744	0.379001	4.786881	5.594150	4.399158
 IGD	0.123006	0.055788	0.107441	0.242348	0.051427
 HYP 	0.639352	0.226738	0.642344	1.074532	0.363122
 SU	0.768166	0.010143	0.766634	0.792865	0.752200
