
problem name = wfg3		



dimension =19		

GDs			2536.793349	2680.006677	2681.301832	2777.996637	2559.247281	2769.716548	2896.337703	2815.364858	2665.503109	2563.182388	2469.883735	2697.106011	2847.155009	2877.971288	2671.364559	2600.253180	2689.205359
IGDs			34.748032	43.518052	33.512819	65.765297	30.464849	12.548412	58.260521	92.793187	68.205685	25.310684	27.831847	64.339790	51.523585	54.080816	28.786965	28.833703	62.657224
Ss			0.017146	0.063425	0.066026	0.071699	0.079737	0.080799	0.091967	0.098248	0.163280	0.206431	0.210793	0.224820	0.234535	0.253620	0.267474	0.269668	0.481950
SUs			1.150028	1.144781	1.144269	1.160209	1.169455	1.157560	1.162225	1.174726	1.164982	1.157166	1.164353	1.158290	1.159763	1.176913	1.158994	1.158007	1.184908
 GD 	2694.022913	124.115988	2681.301832	2896.337703	2469.883735
 IGD	46.069498	20.813708	43.518052	92.793187	12.548412
 HYP 	0.169507	0.116318	0.163280	0.481950	0.017146
 SU	1.161566	0.010666	1.159763	1.184908	1.144269
