
problem name = wfg3		



dimension =13		

GDs			41.609937	41.544624	42.831675	38.173093	40.692124	37.162394	42.643712	43.800606	38.222317	41.702600	39.890702	42.014912	40.540514	36.271576	40.411357	40.737602	44.362740
IGDs			0.784180	1.749010	1.455098	0.280893	0.508678	0.682798	1.764444	0.738954	0.697019	0.336428	0.866579	0.163698	0.999775	0.311220	1.250206	0.221620	0.935078
Ss			0.333106	0.082588	0.165642	0.775931	0.511023	0.316215	0.144629	0.457016	0.474878	0.548621	0.331603	0.641798	0.197193	0.546865	0.198914	0.766281	0.237228
SUs			0.921655	0.903693	0.911610	0.908843	0.911447	0.919995	0.904424	0.912273	0.911310	0.897331	0.932268	0.910339	0.909438	0.917067	0.904299	0.944488	0.909045
 GD 	40.741911	2.250169	40.737602	44.362740	36.271576
 IGD	0.808569	0.506200	0.738954	1.764444	0.163698
 HYP 	0.395855	0.215584	0.333106	0.775931	0.082588
 SU	0.913501	0.011293	0.911310	0.944488	0.897331
