
problem name = wfg4		



dimension =19		

GDs			31.723942	25.135519	25.277878	25.387931	25.045806	36.447613	23.483206	34.570287	23.425659	24.238259	27.207151	29.005397	26.258863	38.573058	26.067397	25.929830	28.200660
IGDs			0.135416	0.202122	0.164107	0.074890	0.155891	0.118692	0.161347	0.121844	0.098951	0.173587	0.079759	0.202970	0.130693	0.066652	0.065334	0.143355	0.080311
Ss			0.772034	0.777402	0.790189	0.847236	0.970023	0.972764	1.028077	1.037670	1.039577	1.063268	1.070556	1.076505	1.078455	1.100269	1.117423	1.136761	1.161109
SUs			1.236138	1.231751	1.242864	1.269273	1.242565	1.283126	1.263643	1.272949	1.274297	1.239414	1.315121	1.194886	1.222219	1.207633	1.245124	1.239572	1.240325
 GD 	27.998733	4.606802	26.067397	38.573058	23.425659
 IGD	0.127995	0.045253	0.130693	0.202970	0.065334
 HYP 	1.002313	0.128377	1.039577	1.161109	0.772034
 SU	1.248288	0.029087	1.242565	1.315121	1.194886

problem name = wfg4		



dimension =19		

GDs			31.723942	25.135519	25.277878	25.387931	25.045806	36.447613	23.483206	34.570287	23.425659	24.238259	27.207151	29.005397	26.258863	38.573058	26.067397	25.929830	28.200660
IGDs			0.135416	0.202122	0.164107	0.074890	0.155891	0.118692	0.161347	0.121844	0.098951	0.173587	0.079759	0.202970	0.130693	0.066652	0.065334	0.143355	0.080311
Ss			0.793702	0.995173	0.958643	1.102787	1.071489	0.783287	1.058090	0.781951	1.148661	1.060658	1.173191	0.965314	1.062224	0.840567	1.095356	1.056068	1.084348
SUs			1.234353	1.232281	1.246125	1.273287	1.243844	1.287557	1.269787	1.268196	1.272405	1.240630	1.313177	1.195080	1.224244	1.206900	1.247825	1.239157	1.240640
 GD 	27.998733	4.606802	26.067397	38.573058	23.425659
 IGD	0.127995	0.045253	0.130693	0.202970	0.065334
 HYP 	1.001853	0.128310	1.058090	1.173191	0.781951
 SU	1.249146	0.029158	1.243844	1.313177	1.195080
