
problem name = wfg4		



dimension =10		

GDs			0.206965	0.345877	0.262898	0.301091	0.295003	0.220844	0.230694	0.222773	0.252168	0.290677	0.278810	0.261178	0.288937	0.290689	0.256971	0.288306	0.286571
IGDs			0.024815	0.029799	0.028605	0.030474	0.028515	0.024713	0.025993	0.024677	0.025419	0.029430	0.026267	0.024705	0.028183	0.030078	0.026770	0.029107	0.026593
Ss			0.882316	0.901231	0.920547	0.923530	0.946333	0.946468	0.961353	0.977727	0.983089	0.995227	0.997419	1.017776	1.025860	1.042731	1.141715	1.146023	1.169704
SUs			0.821745	0.774814	0.803103	0.815021	0.776914	0.786447	0.818044	0.818764	0.799478	0.833373	0.795756	0.825095	0.789510	0.783336	0.823989	0.791784	0.802014
 GD 	0.269438	0.035379	0.278810	0.345877	0.206965
 IGD	0.027303	0.002082	0.026770	0.030474	0.024677
 HYP 	0.998767	0.085442	0.983089	1.169704	0.882316
 SU	0.803482	0.018247	0.802014	0.833373	0.774814
