
problem name = wfg4		



dimension =13		

GDs			0.949524	1.044757	1.041933	1.107970	0.855544	1.014700	0.648514	1.093438	0.749699	0.927056	0.989995	1.165518	0.918320	0.987511	1.065890	1.094055	1.132607
IGDs			0.029081	0.029437	0.028926	0.028976	0.022323	0.029479	0.022743	0.028937	0.022921	0.028348	0.026885	0.028255	0.024613	0.028930	0.029156	0.029150	0.028873
Ss			0.902401	0.878786	0.932276	0.852402	1.075663	0.909120	1.092995	0.900816	1.060641	0.919432	1.002720	0.918409	0.980832	0.953166	0.922418	0.853356	0.921611
SUs			0.971721	0.963005	0.967840	0.956435	0.976754	0.974382	1.067602	0.951409	0.966934	0.986411	0.980498	0.989719	0.969590	0.951628	0.948542	0.968789	0.922310
 GD 	0.987473	0.137323	1.014700	1.165518	0.648514
 IGD	0.027473	0.002577	0.028926	0.029479	0.022323
 HYP 	0.945709	0.073320	0.921611	1.092995	0.852402
 SU	0.971386	0.029576	0.968789	1.067602	0.922310
