
problem name = wfg5		



dimension =19		

GDs			0.361423	0.370993	0.361399	0.367888	0.331156	0.388867	0.331700	0.308618	0.383358	0.367652	0.428772	0.349129	0.366389	0.344520	0.377134	0.311886	0.355915
IGDs			0.042882	0.043602	0.044222	0.043474	0.042849	0.043939	0.042288	0.042828	0.043596	0.042928	0.046507	0.043158	0.043020	0.043186	0.043319	0.042084	0.043296
Ss			0.259436	0.370184	0.381429	0.385947	0.388628	0.389559	0.389596	0.392572	0.394067	0.394914	0.398237	0.407589	0.409567	0.413406	0.415374	0.420072	0.421536
SUs			1.228698	1.252285	1.212508	1.297287	1.222636	1.283939	1.270832	1.279777	1.225817	1.253406	1.229774	1.285078	1.239622	1.302592	1.221192	1.316266	1.270590
 GD 	0.359223	0.029198	0.361423	0.428772	0.308618
 IGD	0.043363	0.000970	0.043186	0.046507	0.042084
 HYP 	0.390124	0.036597	0.394067	0.421536	0.259436
 SU	1.258371	0.032486	1.253406	1.316266	1.212508
