
problem name = wfg5		



dimension =13		

GDs			0.134678	0.136529	0.138544	0.130377	0.127691	0.130365	0.122172	0.133095	0.122654	0.122689	0.133211	0.133815	0.124259	0.128488	0.136839	0.136751	0.124896
IGDs			0.034712	0.036962	0.035098	0.036739	0.036530	0.036320	0.035704	0.036192	0.036022	0.035571	0.035398	0.034507	0.034636	0.034986	0.036043	0.036389	0.034986
Ss			0.810224	0.876743	0.847729	0.861928	0.848133	0.829208	0.853044	0.839756	0.835279	0.864590	0.870529	0.899151	0.790736	0.832617	0.847104	0.867935	0.894963
SUs			0.928757	0.983189	0.903253	0.917020	0.933013	0.963959	0.961172	0.913319	0.933786	0.928801	0.948898	0.949088	0.936072	0.939668	0.900182	0.939325	0.955297
 GD 	0.130415	0.005573	0.130377	0.138544	0.122172
 IGD	0.035694	0.000779	0.035704	0.036962	0.034507
 HYP 	0.851157	0.027844	0.848133	0.899151	0.790736
 SU	0.937341	0.021929	0.936072	0.983189	0.900182
