
problem name = wfg5		



dimension =10		

GDs			0.056684	0.054965	0.054025	0.054229	0.055066	0.056818	0.059096	0.058354	0.055791	0.059504	0.056313	0.058868	0.058649	0.056747	0.055300	0.054418	0.052789
IGDs			0.030029	0.029161	0.030115	0.030553	0.027936	0.027390	0.028680	0.030111	0.029318	0.029028	0.027453	0.026855	0.028865	0.028116	0.026347	0.028115	0.029681
Ss			1.045987	1.050648	1.051597	1.053115	1.058138	1.067464	1.070012	1.074585	1.076776	1.090949	1.098605	1.106424	1.109491	1.126275	1.133757	1.148312	1.160391
SUs			0.758498	0.796627	0.746405	0.758343	0.759122	0.758417	0.765478	0.736832	0.750127	0.774262	0.746551	0.735147	0.752955	0.732658	0.768447	0.745216	0.760440
 GD 	0.056330	0.002014	0.056313	0.059504	0.052789
 IGD	0.028691	0.001234	0.028865	0.030553	0.026347
 HYP 	1.089560	0.036197	1.076776	1.160391	1.045987
 SU	0.755619	0.015736	0.758343	0.796627	0.732658
