
problem name = wfg6		



dimension =13		

GDs			0.062256	0.057824	0.057256	0.065008	0.055603	0.059490	0.063544	0.060442	0.062690	0.062242	0.063420	0.062785	0.060550	0.057958	0.063138	0.054889	0.056335
IGDs			0.028746	0.028234	0.029573	0.029064	0.027647	0.029226	0.028091	0.028542	0.029169	0.027395	0.029150	0.028405	0.029059	0.027908	0.028459	0.026125	0.027451
Ss			0.953820	1.091095	1.055971	0.958467	1.061160	1.034255	1.051845	1.013849	1.001476	0.969479	0.880989	0.979024	1.054235	1.065857	0.960079	1.055221	1.060990
SUs			0.917181	0.937955	0.949897	0.919298	0.969669	0.937887	0.942204	0.964947	0.926994	0.947120	0.904278	0.920430	0.948549	0.978252	0.931289	0.921270	0.932469
 GD 	0.060320	0.003149	0.060550	0.065008	0.054889
 IGD	0.028367	0.000874	0.028459	0.029573	0.026125
 HYP 	1.014577	0.056263	1.034255	1.091095	0.880989
 SU	0.938217	0.020012	0.937887	0.978252	0.904278
