
problem name = wfg6		



dimension =10		

GDs			0.052101	0.055032	0.053514	0.050030	0.051147	0.052025	0.049146	0.051520	0.050549	0.056754	0.054335	0.050631	0.052394	0.054445	0.052067	0.052219	0.053688
IGDs			0.026576	0.026129	0.025588	0.026006	0.025429	0.026711	0.025822	0.025314	0.025455	0.026136	0.025830	0.025723	0.024492	0.025888	0.026051	0.025893	0.026251
Ss			1.024364	1.043916	1.045359	1.048665	1.072661	1.077564	1.087770	1.091740	1.100516	1.101821	1.102644	1.141345	1.144573	1.151851	1.166658	1.203728	1.219860
SUs			0.721518	0.719408	0.736256	0.738352	0.722641	0.725832	0.714525	0.716143	0.739267	0.746306	0.721689	0.730749	0.719167	0.713906	0.736846	0.730457	0.742552
 GD 	0.052447	0.001971	0.052101	0.056754	0.049146
 IGD	0.025841	0.000513	0.025888	0.026711	0.024492
 HYP 	1.107355	0.056458	1.100516	1.219860	1.024364
 SU	0.727977	0.010395	0.725832	0.746306	0.713906
