
problem name = wfg6		



dimension =19		

GDs			0.264848	0.247080	0.200699	0.324905	0.275671	0.301368	0.287501	0.254345	0.259676	0.252075	0.288263	0.273975	0.282095	0.265378	0.314610	0.276159	0.303293
IGDs			0.039886	0.037733	0.036057	0.041192	0.038252	0.038216	0.038302	0.037371	0.037739	0.039755	0.039881	0.039338	0.040098	0.036151	0.040831	0.038710	0.040647
Ss			0.391476	0.394169	0.394589	0.408956	0.456254	0.463498	0.473240	0.473727	0.482307	0.513580	0.514162	0.528169	0.538583	0.546868	0.551326	0.563502	0.618206
SUs			1.285711	1.290916	1.317798	1.249910	1.235380	1.269758	1.260978	1.270786	1.297521	1.305737	1.252556	1.273801	1.304643	1.265068	1.268254	1.215855	1.230170
 GD 	0.274820	0.029179	0.275671	0.324905	0.200699
 IGD	0.038833	0.001546	0.038710	0.041192	0.036057
 HYP 	0.488977	0.066512	0.482307	0.618206	0.391476
 SU	1.270285	0.028230	1.269758	1.317798	1.215855
