
problem name = wfg7		



dimension =10		

GDs			0.051624	0.055318	0.056879	0.053342	0.049186	0.050713	0.053702	0.055893	0.052804	0.055562	0.048450	0.057151	0.056137	0.053496	0.050024	0.049459	0.059517
IGDs			0.027924	0.032167	0.026525	0.027211	0.027468	0.027691	0.026215	0.028041	0.025224	0.027412	0.026393	0.028031	0.027881	0.028490	0.026083	0.025854	0.027454
Ss			1.378398	1.396015	1.406762	1.407664	1.438689	1.441457	1.450546	1.451702	1.455074	1.463241	1.466177	1.468934	1.469798	1.470022	1.487439	1.488391	1.575311
SUs			0.795864	0.846140	0.857751	0.779454	0.820595	0.833435	0.817340	0.818952	0.813567	0.792552	0.812486	0.836495	0.819955	0.843046	0.824699	0.818671	0.820868
 GD 	0.053486	0.003217	0.053496	0.059517	0.048450
 IGD	0.027416	0.001529	0.027454	0.032167	0.025224
 HYP 	1.453860	0.044614	1.455074	1.575311	1.378398
 SU	0.820698	0.019677	0.819955	0.857751	0.779454
