
problem name = wfg7		



dimension =19		

GDs			0.999076	0.849233	0.666166	0.969850	0.699202	0.813235	0.877348	0.982898	0.869342	0.793185	0.756990	0.826146	0.884830	0.658237	0.850810	0.925003	0.922842
IGDs			0.036120	0.034877	0.033681	0.035828	0.033157	0.035186	0.034973	0.035754	0.034369	0.035711	0.033332	0.034878	0.035533	0.032999	0.035220	0.035481	0.034581
Ss			0.943705	0.951371	0.956089	0.957657	0.971452	0.974641	0.974792	0.984103	0.993428	0.997337	1.001845	1.008472	1.021231	1.022929	1.099163	1.145005	1.285612
SUs			1.300427	1.261403	1.275330	1.250864	1.266808	1.272404	1.239138	1.238731	1.304550	1.335962	1.327003	1.320521	1.271765	1.343133	1.264282	1.328568	1.261180
 GD 	0.843788	0.104274	0.850810	0.999076	0.658237
 IGD	0.034805	0.000984	0.034973	0.036120	0.032999
 HYP 	1.016990	0.086686	0.993428	1.285612	0.943705
 SU	1.286004	0.034663	1.272404	1.343133	1.238731
