
problem name = wfg7		



dimension =13		

GDs			0.118630	0.119235	0.113705	0.103952	0.108295	0.123420	0.122424	0.108382	0.126575	0.101701	0.111336	0.109952	0.121399	0.101902	0.107933	0.122472	0.102793
IGDs			0.037635	0.033450	0.033307	0.033326	0.035958	0.036741	0.034795	0.034748	0.036377	0.035477	0.034361	0.034778	0.036924	0.033210	0.033598	0.038082	0.035815
Ss			1.328988	1.227760	1.351859	1.337644	1.321833	1.341133	1.352025	1.311052	1.331926	1.370595	1.317886	1.260672	1.343948	1.372719	1.342958	1.326171	1.345913
SUs			0.949510	0.980758	0.940636	0.963088	0.945202	0.939839	0.949640	0.945254	0.971077	0.972115	0.976207	0.977403	0.944365	1.017674	0.929457	0.977399	0.971839
 GD 	0.113183	0.008406	0.111336	0.126575	0.101701
 IGD	0.035211	0.001580	0.034795	0.038082	0.033210
 HYP 	1.328534	0.036270	1.337644	1.372719	1.227760
 SU	0.961851	0.021793	0.963088	1.017674	0.929457
