
problem name = wfg8		



dimension =10		

GDs			0.063987	0.061493	0.062428	0.061870	0.060518	0.063839	0.063133	0.061936	0.064994	0.058675	0.058524	0.058545	0.061751	0.057323	0.062088	0.056572	0.067218
IGDs			0.030075	0.025947	0.028792	0.026657	0.024959	0.027862	0.027229	0.026052	0.025236	0.024863	0.026248	0.026845	0.028536	0.025331	0.026602	0.025403	0.029457
Ss			1.226931	1.277182	1.352328	1.363451	1.364606	1.366162	1.373320	1.382979	1.387139	1.388334	1.396192	1.402628	1.414041	1.414981	1.416530	1.420650	1.477984
SUs			0.790321	0.761735	0.738264	0.743582	0.772198	0.743472	0.758623	0.761403	0.759099	0.761053	0.768981	0.755028	0.756532	0.762112	0.769596	0.776415	0.756559
 GD 	0.061464	0.002840	0.061870	0.067218	0.056572
 IGD	0.026829	0.001609	0.026602	0.030075	0.024863
 HYP 	1.377967	0.056634	1.387139	1.477984	1.226931
 SU	0.760881	0.012684	0.761053	0.790321	0.738264
