
problem name = wfg8		



dimension =19		

GDs			0.553173	0.570659	0.520293	0.604994	0.637960	0.592581	0.574088	0.518707	0.420941	0.488868	0.565152	0.506236	0.613797	0.625246	0.652400	0.435232	0.638441
IGDs			0.033292	0.033331	0.032872	0.033121	0.033126	0.033203	0.032968	0.033004	0.030336	0.033272	0.032694	0.033218	0.032992	0.033365	0.033336	0.029922	0.032949
Ss			0.842129	0.873851	0.888035	0.895991	0.902284	0.912458	0.912931	0.933336	0.933340	0.940786	0.947635	0.952020	0.952242	0.957657	0.960042	0.981250	1.037563
SUs			1.239028	1.248318	1.270686	1.254688	1.184837	1.178845	1.210482	1.225214	1.322569	1.252747	1.294588	1.228032	1.204357	1.183822	1.232421	1.276432	1.220790
 GD 	0.559927	0.069609	0.570659	0.652400	0.420941
 IGD	0.032765	0.001012	0.033121	0.033365	0.029922
 HYP 	0.930797	0.045029	0.933340	1.037563	0.842129
 SU	1.236933	0.039705	1.232421	1.322569	1.178845
