
problem name = wfg9		



dimension =13		

GDs			0.116712	0.139902	0.135254	0.131181	0.128928	0.117577	0.115899	0.124308	0.136119	0.125838	0.123322	0.123498	0.107808	0.139509	0.121303	0.124287	0.148755
IGDs			0.034123	0.035137	0.034615	0.036187	0.034535	0.033143	0.035796	0.035312	0.035692	0.034361	0.035527	0.033903	0.034820	0.035355	0.035651	0.035371	0.036515
Ss			0.684205	0.674688	0.675525	0.666208	0.655684	0.676452	0.670856	0.660126	0.657285	0.654206	0.679240	0.672365	0.650555	0.644123	0.672207	0.647194	0.633387
SUs			1.003888	0.971893	0.992823	0.921366	0.970343	0.975118	0.983088	0.943374	0.953775	0.959718	0.980830	1.029304	0.984446	0.945114	0.998404	0.966096	0.917352
 GD 	0.127071	0.010395	0.124308	0.148755	0.107808
 IGD	0.035061	0.000868	0.035312	0.036515	0.033143
 HYP 	0.663195	0.014233	0.666208	0.684205	0.633387
 SU	0.970408	0.028904	0.971893	1.029304	0.917352
