
problem name = wfg9		



dimension =19		

GDs			0.892091	1.047911	0.798661	0.922186	0.640995	0.934947	0.848061	0.768729	0.641960	0.817882	0.783841	0.863629	0.779033	0.752587	0.973284	0.744094	0.899890
IGDs			0.129420	0.035324	0.129234	0.129413	0.129403	0.129896	0.129657	0.129213	0.143678	0.033683	0.129228	0.142812	0.129482	0.129370	0.129416	0.129610	0.129273
Ss			0.036353	0.041744	0.074033	0.075341	0.075601	0.075642	0.075909	0.076022	0.077366	0.077662	0.077790	0.077950	0.078580	0.079124	0.080940	0.846593	0.869354
SUs			1.267364	1.255691	1.257284	1.214934	1.278995	1.224848	1.241742	1.282448	1.331139	1.272377	1.330962	1.279453	1.275509	1.263105	1.270673	1.289231	1.237733
 GD 	0.829987	0.109485	0.817882	1.047911	0.640995
 IGD	0.119889	0.032460	0.129413	0.143678	0.033683
 HYP 	0.164471	0.261363	0.077366	0.869354	0.036353
 SU	1.269029	0.031126	1.270673	1.331139	1.214934
