
problem name = wfg9		



dimension =10		

GDs			0.067096	0.057714	0.062427	0.063337	0.064583	0.059998	0.058247	0.067317	0.061771	0.062727	0.058167	0.059159	0.059630	0.062619	0.061930	0.063037	0.058248
IGDs			0.028711	0.027814	0.025845	0.027113	0.029275	0.028861	0.027204	0.027134	0.026389	0.027215	0.025091	0.026734	0.029813	0.024350	0.028484	0.025327	0.026717
Ss			0.961526	0.989470	1.006401	1.033882	1.044562	1.044698	1.045325	1.046582	1.049327	1.050573	1.051971	1.057352	1.058903	1.061905	1.065351	1.085452	1.086993
SUs			0.768574	0.820159	0.755806	0.781834	0.752799	0.790870	0.781475	0.751315	0.764158	0.759808	0.793524	0.762157	0.770839	0.762547	0.765979	0.763435	0.768146
 GD 	0.061647	0.002976	0.061930	0.067317	0.057714
 IGD	0.027181	0.001525	0.027134	0.029813	0.024350
 HYP 	1.043545	0.031796	1.049327	1.086993	0.961526
 SU	0.771378	0.017520	0.765979	0.820159	0.751315
